100;739;588
100;1055;650
100;1064;663
100;923;618
100;931;682
100;1158;780
100;727;733
100;893;641
100;863;762
100;663;602
100;882;633
100;944;716
100;987;778
100;1127;750
100;643;647
100;948;704
100;869;713
100;766;693
100;1128;752
100;1246;796
100;927;660
100;655;635
100;797;665
100;1006;727
100;948;645
100;1025;803
100;782;656
100;714;586
100;861;647
100;731;639
100;814;694
100;1059;767
100;772;698
100;820;622
100;1091;661
100;1076;736
100;968;653
100;893;611
100;938;710
100;969;690
100;590;643
100;1116;721
100;958;644
100;710;573
100;1122;858
100;1190;707
100;928;694
100;742;674
100;724;567
100;920;709
100;897;677
100;708;660
100;828;647
100;1179;691
100;655;569
100;695;609
100;716;601
100;708;681
100;748;660
100;748;599
100;1190;677
100;654;662
100;771;631
100;753;662
100;1122;822
100;964;662
100;1111;674
100;1200;729
100;969;700
100;900;727
100;709;634
100;1515;874
100;757;590
100;778;612
100;971;692
100;905;679
100;684;678
100;814;671
100;614;723
100;1012;777
100;948;694
100;1012;705
100;697;689
100;1231;706
100;792;717
100;889;689
100;829;713
100;770;712
100;695;607
100;900;628
100;1100;662
100;932;711
100;690;608
100;825;614
100;935;661
100;863;680
100;802;732
100;1101;688
100;867;669
100;849;688
200;2077;1512
200;2591;1851
200;1887;1653
200;3015;1780
200;2470;1733
200;2013;1763
200;1526;1690
200;2119;1625
200;1672;1699
200;1706;1619
200;2734;1676
200;1568;1710
200;2370;1770
200;2214;1622
200;2267;1491
200;1903;1447
200;2003;1559
200;1882;1692
200;2255;1763
200;2200;1579
200;2040;1478
200;1813;1590
200;1860;1508
200;2010;1552
200;2177;1551
200;2131;1675
200;2107;1503
200;2190;1645
200;1820;1582
200;1691;1517
200;2529;1758
200;1953;1579
200;2508;1740
200;1678;1561
200;2159;1756
200;1914;1781
200;1712;1505
200;2181;1553
200;2130;1716
200;1972;1464
200;1953;1890
200;2179;1702
200;2424;1718
200;1988;1671
200;2138;1477
200;3329;1923
200;1623;1565
200;3073;1882
200;1938;1640
200;1932;1541
200;2064;1550
200;1682;1580
200;1672;2048
200;2076;1558
200;1917;1767
200;1891;1817
200;2333;1640
200;2194;1568
200;1719;1694
200;2366;1610
200;1948;1626
200;2262;1566
200;1741;1667
200;2040;1496
200;1749;1591
200;1691;1572
200;2340;1498
200;2309;1614
200;1761;1593
200;2006;1569
200;2312;1776
200;2066;1557
200;1640;1592
200;2581;1860
200;2118;1489
200;2006;1722
200;2148;1647
200;1849;1451
200;2091;1505
200;1841;1588
200;2232;1576
200;2374;1609
200;2354;1727
200;2343;1671
200;1702;1618
200;2212;1605
200;1798;1556
200;2353;1594
200;1785;1539
200;2216;1915
200;1929;1545
200;2103;1566
200;2793;1842
200;2243;1741
200;2317;1675
200;2798;1650
200;3342;1843
200;1839;1571
200;2146;1664
200;2762;1669
300;3844;2823
300;2639;2699
300;3787;2610
300;3698;2701
300;3405;2741
300;4201;2689
300;4198;2890
300;2862;2579
300;3263;2464
300;3482;2542
300;5130;3370
300;5033;3052
300;3493;2516
300;3583;2604
300;3669;2580
300;4603;2786
300;3438;2621
300;3372;2647
300;4373;2797
300;2960;2695
300;3358;2494
300;3322;2691
300;4114;2629
300;2993;2633
300;3762;2574
300;4243;2919
300;3808;2687
300;4142;2861
300;3305;2465
300;4424;2915
300;3104;2525
300;3545;2682
300;2732;2633
300;4268;3082
300;2986;2619
300;3181;2629
300;3189;2490
300;3673;2882
300;3708;2518
300;4178;2645
300;3833;2536
300;3366;2684
300;3444;2814
300;3121;2893
300;3126;2524
300;3836;2670
300;5019;2846
300;3792;2680
300;4039;2613
300;2971;2441
300;4035;3059
300;3636;2761
300;4342;3002
300;4220;2709
300;3603;2574
300;3846;2511
300;3478;2555
300;3338;2660
300;3223;2730
300;3535;2587
300;3744;2577
300;4463;2761
300;3213;2837
300;3207;2649
300;3868;2631
300;3508;2486
300;2803;2439
300;4260;2831
300;3317;2766
300;3716;2682
300;4480;2829
300;3122;2722
300;3478;2671
300;4919;3191
300;3673;2850
300;3044;2573
300;4140;2862
300;3026;2522
300;3208;2566
300;3263;2462
300;4333;2709
300;3414;2397
300;3566;2575
300;3263;2663
300;3563;2651
300;3178;2648
300;3407;2703
300;4165;2682
300;3280;2596
300;4083;2701
300;3258;2522
300;3120;2699
300;3521;2644
300;3479;2686
300;4810;2829
300;3506;2944
300;3893;2613
300;3040;2555
300;3930;2871
300;3773;2776
400;4383;3455
400;5018;3625
400;4955;4005
400;5141;3703
400;4002;3368
400;4787;3923
400;6113;3894
400;4527;3618
400;4842;3722
400;4641;3641
400;5093;3504
400;4402;3654
400;5952;3643
400;4316;3767
400;5019;3806
400;5465;4224
400;6260;3947
400;4729;3456
400;4185;3631
400;6231;4104
400;5289;3753
400;4281;3788
400;5113;4062
400;4915;3681
400;4885;3582
400;5135;3782
400;8906;4999
400;4244;3951
400;6037;3811
400;5454;3909
400;5716;4002
400;5397;3690
400;6329;4031
400;4833;3563
400;5444;3605
400;5727;3664
400;5779;4083
400;5486;3923
400;6712;4049
400;4424;3650
400;4995;3523
400;4816;3706
400;6026;3728
400;4362;3656
400;5679;4166
400;5782;4155
400;5917;3843
400;5065;3970
400;5537;3877
400;4367;3586
400;4769;3601
400;4074;3691
400;6107;3861
400;5220;3790
400;5589;3853
400;4529;3909
400;5174;4010
400;4975;3788
400;7018;4239
400;5201;3711
400;5177;3641
400;5517;4092
400;4603;3806
400;4445;3482
400;5189;3538
400;4726;3820
400;4745;3818
400;4809;3481
400;5109;3844
400;5113;3574
400;4680;3965
400;5113;4231
400;5209;4046
400;6289;4198
400;4484;3587
400;5984;3877
400;5618;4420
400;4471;4089
400;5411;3526
400;6026;4312
400;4944;3660
400;5833;3778
400;5542;3919
400;4930;3783
400;5210;3888
400;4708;3648
400;4866;3676
400;5500;3698
400;4674;3442
400;5034;4192
400;5080;3757
400;5002;3805
400;4201;3765
400;4904;3669
400;5613;3597
400;5603;4234
400;4677;4082
400;4430;3443
400;5760;3669
400;4045;3979
500;5463;4587
500;6229;4793
500;5898;4728
500;5512;4858
500;7380;5108
500;7027;4708
500;7415;5125
500;8401;5249
500;6571;4513
500;6462;5194
500;6218;5086
500;7892;4970
500;6580;4874
500;6465;4877
500;6469;4823
500;6886;4857
500;6058;4671
500;8175;5391
500;7146;5197
500;7300;4783
500;5314;4939
500;6195;5551
500;6103;5201
500;5216;4856
500;6685;4936
500;7701;5270
500;6870;5137
500;8410;5063
500;5762;4778
500;6154;4594
500;5043;4640
500;6928;5075
500;7257;5189
500;5488;4931
500;5384;5267
500;7915;4750
500;7569;4652
500;7512;5094
500;6434;4781
500;5675;4589
500;6265;4565
500;5124;4741
500;6039;5494
500;5721;4559
500;6714;4824
500;6618;4861
500;6569;5125
500;6725;4572
500;5856;4613
500;8206;5015
500;7373;4908
500;6443;4790
500;6923;4722
500;6956;5498
500;7825;5010
500;5736;4807
500;6992;4485
500;6845;5012
500;8778;5716
500;7112;4988
500;5206;5066
500;5740;5007
500;7790;4914
500;5934;4852
500;6901;4775
500;6722;4844
500;6943;4616
500;7488;4644
500;6901;4769
500;6150;4708
500;6681;5044
500;5601;4386
500;6462;4745
500;7878;5294
500;7641;4948
500;6726;5376
500;6553;4581
500;8212;5187
500;8804;5388
500;6793;5239
500;7636;4830
500;6908;4854
500;6717;4742
500;6426;4513
500;8635;5366
500;7352;4779
500;6132;5100
500;5757;5014
500;6884;4831
500;5317;4305
500;7111;4999
500;6081;4603
500;6083;4948
500;6585;5330
500;6485;4710
500;6261;4910
500;6118;4685
500;7454;4914
500;7627;4968
500;6117;4514
600;7849;6017
600;8431;6339
600;6988;5976
600;9151;6106
600;7617;5821
600;8682;5845
600;8296;6562
600;9134;6599
600;9656;6248
600;10109;6112
600;8169;5447
600;8125;5895
600;8501;5867
600;9900;6234
600;7441;6539
600;9930;6279
600;8633;6514
600;9784;7223
600;6879;5876
600;8526;5936
600;9350;6055
600;7923;6435
600;8030;6051
600;9862;6139
600;7428;5853
600;7347;6538
600;8428;6240
600;10284;6570
600;8994;6029
600;8375;6267
600;7435;6032
600;7172;6494
600;7963;6365
600;8420;5823
600;7034;6211
600;8905;5990
600;10034;6438
600;8594;6145
600;8824;5846
600;10681;6770
600;9760;6317
600;9512;6304
600;8133;6125
600;8144;5646
600;7872;5845
600;9075;6322
600;7791;5723
600;6772;6280
600;8785;6407
600;8047;5737
600;6925;6071
600;9245;6351
600;8163;6070
600;10814;7459
600;9875;6855
600;7658;6172
600;7378;5460
600;8285;5916
600;8540;6025
600;8471;6258
600;7862;6154
600;7067;5516
600;7551;5555
600;9728;6460
600;7340;6481
600;8723;6473
600;6578;6500
600;7559;6035
600;8492;5965
600;7432;5832
600;8124;5770
600;8490;6545
600;7287;5666
600;9013;6083
600;7720;5535
600;8570;6537
600;8123;6175
600;8760;6238
600;8149;6305
600;8887;6366
600;8430;6361
600;7490;6877
600;7710;5754
600;8068;5884
600;7942;6274
600;9481;6259
600;8648;6907
600;7381;6130
600;9360;6202
600;8198;6212
600;7480;5768
600;7190;5989
600;7144;5986
600;7676;6949
600;8070;6761
600;8698;6102
600;8211;6213
600;9262;6110
600;9502;6500
600;10184;6330
700;10532;7322
700;11446;7451
700;10869;7676
700;11015;7348
700;10226;7246
700;9038;7197
700;12536;7847
700;8559;7220
700;10585;7671
700;10424;7334
700;9186;7374
700;10061;7135
700;9159;6933
700;9668;7346
700;10415;7276
700;10407;7398
700;9849;7190
700;10651;7227
700;10262;7306
700;10830;7538
700;11302;7695
700;8910;7659
700;11175;7840
700;9809;7471
700;8695;7367
700;9995;7198
700;10551;7237
700;11261;8801
700;11682;7698
700;9330;6742
700;9031;6980
700;9724;7422
700;10713;7407
700;10587;8180
700;10892;6877
700;10309;6991
700;8283;6950
700;8799;7309
700;10066;8609
700;10496;8223
700;11429;8412
700;11468;7792
700;10021;7202
700;10096;7588
700;10439;8015
700;9548;8253
700;9089;7131
700;12084;7748
700;9240;7303
700;8892;7081
700;11901;7742
700;11458;8319
700;10857;7828
700;8833;7679
700;9473;7183
700;9886;7165
700;10005;7543
700;10640;7516
700;8480;7466
700;10264;7364
700;14356;8901
700;9488;6884
700;9439;7074
700;8773;7618
700;10047;7664
700;8828;6886
700;11366;7457
700;9388;7021
700;10446;7579
700;13264;8209
700;10939;8123
700;8950;7284
700;10091;7107
700;9839;7518
700;12846;7950
700;10670;7226
700;8524;7011
700;9185;6873
700;9666;7295
700;13548;8684
700;10116;6907
700;10502;7400
700;10127;7009
700;9770;6982
700;9453;7133
700;8513;6606
700;11342;7952
700;10420;7419
700;9562;6861
700;10902;7469
700;8622;7822
700;9513;7589
700;12177;7173
700;10888;7386
700;8941;6860
700;9997;7209
700;11205;8269
700;10606;8638
700;8893;6992
700;12706;7871
800;12180;9250
800;10513;8206
800;14524;9346
800;13079;8480
800;10251;8437
800;14073;9247
800;14704;9346
800;12249;8996
800;15685;9521
800;12312;8590
800;11140;8685
800;13758;9758
800;10729;8299
800;9796;8626
800;10244;8115
800;15220;9533
800;10299;8210
800;10220;8702
800;11561;8166
800;14512;8451
800;10825;7909
800;12518;9919
800;12427;9127
800;13709;8548
800;11662;8552
800;12277;8112
800;14332;9329
800;12527;9412
800;12444;9548
800;10258;7839
800;11337;8482
800;13410;9145
800;14955;9540
800;12203;8635
800;14874;8927
800;12848;8307
800;11137;8490
800;11375;8902
800;11596;8445
800;11514;8377
800;14928;8596
800;11677;8555
800;14402;9217
800;12670;8668
800;11044;8793
800;9913;8179
800;12364;9188
800;11795;8502
800;13477;8692
800;12116;8470
800;11555;8434
800;11958;8118
800;11664;8205
800;10843;7975
800;13565;8886
800;11480;8441
800;12939;8584
800;15726;9166
800;12117;8859
800;11961;8737
800;11315;9286
800;10266;9115
800;12885;9449
800;12608;8368
800;12306;8676
800;10371;8267
800;14601;9984
800;10855;8079
800;11799;8573
800;14735;9684
800;11622;9979
800;11050;8473
800;11937;9097
800;11568;8423
800;11783;9052
800;10486;9071
800;12368;8832
800;14173;9712
800;12714;8282
800;10776;8001
800;12061;8747
800;11568;8481
800;10862;8146
800;12064;9486
800;9385;8124
800;14127;8951
800;14112;9833
800;11895;8966
800;11407;8813
800;11166;8232
800;12174;8523
800;14563;9632
800;13484;8912
800;12154;8691
800;11836;9613
800;12692;8919
800;13102;9098
800;12202;9119
800;12097;8503
800;11706;8520
900;13535;9700
900;15015;10288
900;13972;10568
900;14763;10472
900;13990;9777
900;11920;9939
900;13577;9408
900;13893;9771
900;14268;10272
900;11490;9355
900;13893;10281
900;11180;10205
900;11826;9597
900;11844;9107
900;13510;10126
900;13552;9676
900;14398;9669
900;12037;9832
900;11966;9479
900;13143;9515
900;11836;9739
900;13611;10063
900;14578;10137
900;13565;9674
900;12811;9977
900;13929;9959
900;13901;9847
900;10952;9695
900;13026;10003
900;12788;9818
900;14604;11225
900;13004;9342
900;13572;9726
900;12202;9232
900;12665;9986
900;13916;9529
900;16473;10557
900;15414;11038
900;13526;9653
900;12399;9823
900;15748;10509
900;15273;9834
900;11615;9409
900;12115;9703
900;13383;9947
900;16969;10006
900;15921;11050
900;16287;10876
900;15052;9572
900;12474;9245
900;13746;9894
900;13199;10348
900;12246;8956
900;12155;9114
900;11362;9918
900;12374;10140
900;11420;9292
900;12724;9588
900;15719;10082
900;11019;10547
900;14496;11102
900;18735;10931
900;13812;9372
900;12345;8887
900;14133;10046
900;14002;9436
900;13473;9934
900;12436;9046
900;16190;10336
900;12833;10059
900;15064;10283
900;14096;10264
900;12142;10108
900;13078;10769
900;12717;9805
900;14103;9910
900;14858;10064
900;15845;10961
900;11884;9447
900;13663;9780
900;14506;9606
900;12912;9756
900;13484;9313
900;12664;10001
900;13813;9934
900;12823;9564
900;13206;9727
900;12489;9327
900;13847;9456
900;13444;10025
900;13140;9445
900;15686;11541
900;16608;11360
900;14824;10392
900;14677;10063
900;12536;9672
900;11145;10472
900;14100;9808
900;12165;9165
900;13099;9196
1000;13577;10278
1000;13978;10629
1000;15258;11267
1000;15342;10654
1000;13366;11827
1000;14595;10664
1000;15473;11515
1000;15677;11589
1000;14268;10372
1000;15372;12145
1000;15750;12259
1000;14445;10710
1000;13349;10712
1000;12895;10914
1000;12915;10832
1000;14586;11735
1000;18776;11339
1000;14130;10774
1000;15132;11413
1000;14304;10839
1000;17255;10974
1000;15997;10949
1000;16059;10755
1000;14850;11086
1000;17455;11545
1000;14933;10600
1000;18619;11864
1000;15879;11301
1000;16138;10797
1000;16143;11465
1000;14070;10840
1000;15947;10514
1000;15699;11313
1000;16444;11718
1000;15047;11495
1000;15051;10702
1000;16270;11516
1000;16541;11398
1000;20030;11749
1000;16565;11607
1000;15312;10837
1000;16972;11405
1000;16035;11465
1000;14487;10704
1000;18248;11714
1000;19307;11363
1000;17760;12189
1000;16271;11535
1000;13937;10622
1000;13959;11008
1000;19983;12742
1000;17479;12507
1000;17140;11232
1000;14386;11855
1000;15992;11700
1000;17819;11237
1000;16883;11510
1000;13246;10635
1000;14242;10619
1000;16719;12202
1000;13449;10492
1000;14022;10698
1000;15414;10971
1000;13784;11359
1000;14256;11255
1000;13414;11072
1000;13895;10669
1000;13349;10866
1000;17370;11952
1000;15436;10443
1000;14033;11077
1000;18266;12865
1000;15012;11013
1000;15188;10989
1000;18907;12107
1000;14241;10793
1000;13855;10882
1000;15122;10689
1000;15643;11257
1000;15850;10560
1000;14458;11023
1000;16987;12106
1000;13669;11169
1000;14987;11131
1000;16450;11078
1000;12455;10169
1000;16051;11300
1000;13108;11058
1000;12248;10905
1000;15679;11351
1000;14169;11107
1000;14451;11533
1000;14159;11499
1000;12650;12516
1000;13757;11444
1000;16707;11349
1000;17870;11989
1000;16166;10999
1000;14901;11786
1000;17174;11071
